,F976,F428,F429,F301,F195,F868,F574,F709,F601,F233,F232,F1128,F51,F664,F592,F774,F773,F808,F508,F219,F1051,F217,F138,F745,F347,F183,F249,F421,F236,F111,F206,F157,F418,F250,F1080,F329,F441,F84,F671,F538,F194,F623,F47,F243,F549,F858,F474,F225,F116,F443,F442,F622,F46,F616,F104,F174,F689,F800,F556,F602,F396,F319,F386,F287,F286,F432,F346,F72,F106,F872,F318,F1143,F1106,F344,F305,F539,F651,F799,F137,F52,F833,F590,F818,F608,F757,F496,F625,F1182,F610,F120,F890,F341,F472,F528,F390,F293,F865,F768,F568,F624,F313,F36,F1176,F611,F643,F203,F650,F1126,F663,F637,F831,F360,F417,F801,F330,F171,F14,F529,F470,F627,F712,F1101,F284,F175,F473,F62,F431,F91,F289,F703,F404,F302,F527,F328,F764,F763,F762,F790,F674,F673,F15,F740,F335,F1124,F782,F54,F53,F334,F383,F857,F756,F169,F119,F705,F634,F1040,F678,F534,F1010,F73,F758,F172,F558,F260,F636,F430,F375,F274,F273,F345,F729,F13,F819,F620,F557,F1024,F479,F395,F1107,F1061,F300,F767,F234
F976,0.0,0.06,0.07,0.62,0.72,0.08,0.09,0.1,0.08,0.15,0.15,1.45,1.43,1.54,0.85,0.32,0.32,0.32,0.32,2.43,2.45,0.34,0.24,0.26,1.31,1.04,1.67,2.52,1.47,2.36,2.06,1.53,0.35,0.33,0.34,0.42,2.02,1.63,1.63,1.57,1.37,1.95,1.86,4.29,0.36,0.39,0.27,0.03,0.3,0.31,0.31,1.84,1.8,1.45,0.36,1.13,1.56,1.67,0.1,2.04,0.6,2.11,0.29,1.41,1.41,1.47,1.53,1.7,1.57,2.22,2.22,1.71,1.71,0.32,4.21,0.65,0.61,0.65,2.09,0.34,2.32,1.54,2.05,1.81,1.77,0.2,1.23,1.23,1.9,1.88,0.27,0.27,1.23,1.23,1.33,1.24,1.24,2.31,1.79,1.46,1.69,1.54,1.69,1.86,1.56,1.69,1.76,1.45,1.74,2.24,2.24,1.45,0.34,2.3,0.44,1.48,1.78,0.66,1.81,1.56,0.22,1.43,1.32,0.75,0.62,1.51,1.65,2.25,0.19,1.93,1.6,0.32,1.81,0.19,2.14,2.14,2.14,2.31,0.14,0.13,0.31,2.24,2.32,4.22,0.33,0.33,0.32,2.35,1.66,1.56,1.81,1.46,0.18,2.44,1.75,1.89,1.63,1.52,1.94,0.64,0.26,1.4,1.74,0.3,2.33,1.95,1.56,1.43,1.43,2.02,1.5,1.79,0.56,1.45,1.85,1.44,0.5,1.31,1.89,1.37,2.13,0.48,1.87
F428,0.06,0.0,0.0,0.62,0.69,0.02,0.08,0.08,0.02,0.15,0.15,1.45,1.42,1.53,0.82,0.31,0.31,0.31,0.31,2.42,2.44,0.33,0.24,0.23,1.31,1.04,1.66,2.51,1.47,2.35,2.05,1.52,0.34,0.32,0.33,0.42,2.01,1.62,1.62,1.56,1.36,1.94,1.85,4.28,0.38,0.38,0.25,0.06,0.3,0.3,0.3,1.83,1.79,1.44,0.35,1.12,1.55,1.66,0.09,2.03,0.58,2.1,0.28,1.4,1.4,1.46,1.52,1.69,1.56,2.21,2.21,1.7,1.7,0.3,4.2,0.62,0.6,0.62,2.08,0.33,2.31,1.53,2.04,1.8,1.76,0.2,1.22,1.22,1.89,1.87,0.27,0.27,1.23,1.23,1.32,1.23,1.23,2.3,1.78,1.45,1.69,1.53,1.68,1.85,1.56,1.68,1.75,1.44,1.73,2.23,2.23,1.45,0.33,2.29,0.43,1.47,1.77,0.65,1.8,1.55,0.19,1.43,1.32,0.75,0.61,1.51,1.65,2.24,0.18,1.92,1.6,0.31,1.81,0.18,2.13,2.13,2.13,2.3,0.13,0.13,0.29,2.23,2.32,4.21,0.32,0.32,0.31,2.34,1.65,1.55,1.81,1.45,0.17,2.44,1.75,1.88,1.62,1.51,1.94,0.62,0.26,1.4,1.73,0.3,2.33,1.95,1.55,1.43,1.43,2.01,1.49,1.78,0.55,1.44,1.84,1.43,0.48,1.3,1.88,1.36,2.12,0.47,1.86
F429,0.07,0.0,0.0,0.62,0.69,0.03,0.08,0.08,0.02,0.15,0.15,1.45,1.43,1.54,0.82,0.32,0.32,0.32,0.31,2.42,2.44,0.33,0.24,0.22,1.31,1.04,1.66,2.51,1.47,2.35,2.05,1.52,0.34,0.32,0.33,0.42,2.01,1.63,1.62,1.56,1.36,1.94,1.85,4.28,0.38,0.38,0.25,0.07,0.3,0.31,0.31,1.83,1.79,1.44,0.35,1.12,1.55,1.67,0.09,2.03,0.57,2.1,0.29,1.4,1.4,1.47,1.52,1.69,1.57,2.21,2.21,1.7,1.71,0.29,4.21,0.62,0.6,0.62,2.08,0.33,2.31,1.53,2.04,1.81,1.76,0.21,1.22,1.22,1.89,1.88,0.27,0.27,1.23,1.23,1.32,1.23,1.23,2.3,1.78,1.45,1.69,1.53,1.68,1.85,1.56,1.68,1.75,1.44,1.73,2.23,2.23,1.45,0.33,2.29,0.44,1.48,1.77,0.65,1.8,1.55,0.19,1.43,1.32,0.75,0.61,1.5,1.65,2.25,0.18,1.93,1.6,0.31,1.81,0.18,2.13,2.13,2.13,2.3,0.14,0.13,0.28,2.23,2.32,4.21,0.32,0.32,0.31,2.35,1.66,1.56,1.81,1.46,0.18,2.44,1.75,1.88,1.62,1.51,1.94,0.61,0.26,1.4,1.73,0.3,2.33,1.95,1.55,1.43,1.43,2.02,1.49,1.78,0.56,1.44,1.84,1.43,0.48,1.3,1.89,1.36,2.13,0.48,1.87
F301,0.62,0.62,0.62,0.0,1.17,0.57,0.56,0.56,0.57,0.54,0.54,0.99,0.97,1.04,1.3,0.79,0.79,0.78,0.4,1.98,2.0,0.37,0.71,0.71,0.85,0.58,1.2,2.07,1.01,1.91,1.61,1.06,0.38,0.79,0.8,0.48,1.57,1.17,1.17,1.13,0.9,1.5,1.4,4.62,0.82,0.55,0.73,0.61,0.77,0.78,0.78,1.39,1.35,0.98,0.47,0.66,1.13,1.24,0.57,1.59,1.06,1.66,0.76,0.95,0.95,1.01,1.07,1.22,1.12,1.77,1.77,1.26,1.27,0.78,4.57,1.11,0.09,1.1,1.64,0.37,1.87,1.07,1.59,1.37,1.33,0.53,0.77,0.77,1.44,1.44,0.74,0.74,0.77,0.77,0.86,0.77,0.77,1.86,1.35,1.01,1.26,1.08,1.25,1.41,1.1,1.26,1.31,1.01,1.3,1.78,1.78,0.99,0.37,1.84,0.44,1.02,1.33,0.09,1.37,1.05,0.68,0.96,0.86,0.16,0.44,1.01,1.18,1.8,0.65,1.48,1.18,0.39,1.37,0.52,1.69,1.69,1.69,1.86,0.6,0.59,0.77,1.79,1.88,4.57,0.44,0.44,0.43,1.91,1.23,1.1,1.36,1.0,0.65,2.0,1.28,1.44,1.16,1.05,1.49,1.1,0.45,0.94,1.3,0.77,1.88,1.49,1.12,0.97,0.97,1.56,1.03,1.34,0.31,0.98,1.29,0.97,0.96,0.84,1.44,0.91,1.68,0.56,1.43
F195,0.72,0.69,0.69,1.17,0.0,0.69,0.68,0.68,0.69,0.7,0.7,2.0,1.56,1.4,0.35,0.51,0.51,0.5,0.87,2.66,2.68,0.89,0.59,0.55,1.86,1.59,2.22,2.75,2.03,2.58,2.28,2.07,0.9,0.57,0.58,0.97,2.55,2.19,2.18,2.1,1.92,2.21,2.24,4.25,0.82,0.98,0.6,0.69,0.65,0.53,0.53,2.29,2.33,2.0,0.91,1.68,2.0,2.21,0.69,2.26,0.22,2.33,0.55,1.96,1.96,2.02,2.08,2.26,1.77,2.69,2.69,2.26,2.26,0.64,4.17,0.31,1.16,0.31,2.62,0.89,2.53,1.61,2.27,2.34,2.3,0.75,1.78,1.78,2.17,2.33,0.61,0.61,1.78,1.78,1.83,1.78,1.78,2.53,2.31,1.99,2.23,2.09,2.24,2.39,2.11,2.19,2.29,2.0,2.16,2.46,2.46,2.0,0.89,2.52,0.99,2.03,2.31,1.22,2.2,1.46,0.64,1.68,1.78,1.31,1.17,1.42,2.2,2.72,0.63,2.16,2.14,0.87,2.35,0.74,2.52,2.52,2.52,2.78,0.64,0.63,0.62,2.46,2.55,4.18,0.88,0.88,0.87,2.58,2.18,2.11,2.28,1.68,0.63,2.67,1.9,2.42,2.18,1.63,2.13,0.31,0.81,1.95,2.27,0.61,2.56,2.13,2.11,1.98,1.98,2.25,2.05,2.32,1.11,1.99,2.38,1.56,0.27,1.86,2.45,1.75,2.61,1.04,2.21
F868,0.08,0.02,0.03,0.57,0.69,0.0,0.06,0.06,0.0,0.13,0.13,1.43,1.41,1.52,0.82,0.29,0.3,0.29,0.3,2.41,2.43,0.32,0.22,0.23,1.29,1.02,1.65,2.5,1.45,2.34,2.04,1.5,0.32,0.3,0.31,0.4,2.0,1.61,1.61,1.54,1.35,1.93,1.84,4.26,0.39,0.38,0.25,0.08,0.28,0.29,0.29,1.82,1.78,1.42,0.33,1.1,1.54,1.65,0.07,2.02,0.57,2.09,0.27,1.39,1.39,1.45,1.51,1.69,1.55,2.2,2.2,1.69,1.69,0.29,4.2,0.62,0.58,0.62,2.07,0.32,2.3,1.51,2.03,1.8,1.75,0.17,1.21,1.21,1.88,1.87,0.25,0.25,1.21,1.21,1.31,1.21,1.21,2.29,1.77,1.43,1.67,1.52,1.67,1.84,1.54,1.67,1.74,1.43,1.71,2.22,2.22,1.43,0.32,2.28,0.42,1.46,1.76,0.64,1.79,1.54,0.2,1.41,1.3,0.73,0.6,1.49,1.63,2.23,0.16,1.92,1.58,0.3,1.8,0.16,2.12,2.12,2.12,2.29,0.12,0.11,0.29,2.22,2.31,4.2,0.3,0.31,0.29,2.34,1.64,1.54,1.8,1.44,0.19,2.43,1.73,1.87,1.61,1.5,1.93,0.62,0.24,1.38,1.72,0.28,2.32,1.94,1.54,1.41,1.41,2.01,1.48,1.77,0.54,1.42,1.83,1.41,0.48,1.28,1.87,1.35,2.12,0.46,1.86
F574,0.09,0.08,0.08,0.56,0.68,0.06,0.0,0.0,0.06,0.1,0.1,1.4,1.38,1.48,0.83,0.31,0.31,0.31,0.26,2.38,2.4,0.28,0.23,0.24,1.26,0.99,1.61,2.47,1.42,2.31,2.01,1.47,0.29,0.31,0.32,0.37,1.97,1.58,1.57,1.51,1.31,1.9,1.81,4.28,0.4,0.38,0.26,0.08,0.29,0.3,0.3,1.79,1.75,1.39,0.3,1.07,1.51,1.62,0.03,1.99,0.58,2.06,0.28,1.35,1.35,1.42,1.48,1.66,1.52,2.17,2.17,1.65,1.66,0.3,4.22,0.63,0.55,0.63,2.04,0.28,2.27,1.48,2.0,1.76,1.72,0.15,1.17,1.17,1.85,1.84,0.26,0.26,1.18,1.18,1.27,1.18,1.18,2.26,1.74,1.4,1.64,1.48,1.64,1.81,1.51,1.64,1.71,1.4,1.68,2.19,2.19,1.4,0.28,2.25,0.38,1.42,1.73,0.6,1.76,1.5,0.2,1.38,1.27,0.7,0.56,1.45,1.6,2.2,0.18,1.89,1.55,0.26,1.77,0.13,2.09,2.09,2.09,2.26,0.13,0.12,0.3,2.19,2.28,4.22,0.27,0.27,0.26,2.31,1.61,1.5,1.77,1.41,0.18,2.4,1.7,1.84,1.58,1.46,1.9,0.63,0.21,1.35,1.69,0.29,2.29,1.91,1.5,1.38,1.38,1.98,1.45,1.74,0.5,1.39,1.72,1.38,0.49,1.25,1.84,1.31,2.09,0.43,1.83
F709,0.1,0.08,0.08,0.56,0.68,0.06,0.0,0.0,0.06,0.1,0.1,1.4,1.38,1.49,0.83,0.31,0.31,0.31,0.26,2.39,2.41,0.28,0.24,0.24,1.26,0.99,1.62,2.48,1.42,2.32,2.02,1.47,0.29,0.32,0.33,0.37,1.98,1.58,1.58,1.52,1.32,1.91,1.82,4.29,0.4,0.39,0.26,0.08,0.3,0.3,0.3,1.8,1.76,1.39,0.3,1.07,1.52,1.63,0.03,2.0,0.59,2.07,0.28,1.35,1.35,1.42,1.48,1.66,1.52,2.18,2.18,1.66,1.66,0.31,4.22,0.64,0.55,0.63,2.05,0.28,2.28,1.48,2.01,1.77,1.73,0.15,1.17,1.17,1.86,1.85,0.27,0.27,1.18,1.18,1.27,1.18,1.18,2.27,1.75,1.4,1.65,1.49,1.64,1.82,1.51,1.65,1.72,1.4,1.69,2.2,2.2,1.4,0.29,2.26,0.39,1.43,1.74,0.6,1.77,1.5,0.2,1.38,1.27,0.7,0.57,1.45,1.6,2.22,0.18,1.9,1.57,0.27,1.78,0.13,2.1,2.1,2.1,2.27,0.13,0.12,0.3,2.21,2.3,4.22,0.27,0.28,0.26,2.33,1.62,1.51,1.78,1.41,0.18,2.41,1.7,1.86,1.58,1.47,1.91,0.63,0.21,1.35,1.7,0.3,2.3,1.92,1.51,1.38,1.38,1.99,1.45,1.75,0.51,1.39,1.72,1.38,0.49,1.25,1.84,1.32,2.1,0.43,1.84
F601,0.08,0.02,0.02,0.57,0.69,0.0,0.06,0.06,0.0,0.13,0.13,1.43,1.41,1.52,0.82,0.29,0.29,0.29,0.29,2.42,2.45,0.31,0.22,0.23,1.29,1.02,1.65,2.51,1.45,2.35,2.06,1.5,0.32,0.3,0.31,0.4,2.01,1.61,1.61,1.55,1.35,1.94,1.85,4.26,0.39,0.38,0.25,0.07,0.28,0.28,0.28,1.83,1.79,1.42,0.33,1.1,1.55,1.66,0.07,2.04,0.57,2.11,0.26,1.38,1.38,1.45,1.51,1.69,1.55,2.21,2.22,1.69,1.69,0.29,4.2,0.62,0.58,0.62,2.09,0.32,2.32,1.51,2.05,1.81,1.77,0.18,1.2,1.2,1.9,1.89,0.25,0.25,1.21,1.21,1.3,1.21,1.21,2.31,1.79,1.44,1.69,1.52,1.67,1.86,1.54,1.69,1.76,1.43,1.73,2.24,2.24,1.43,0.32,2.3,0.42,1.46,1.78,0.64,1.81,1.53,0.19,1.41,1.3,0.73,0.6,1.48,1.63,2.25,0.16,1.94,1.6,0.3,1.82,0.16,2.14,2.14,2.14,2.31,0.12,0.11,0.29,2.24,2.33,4.2,0.3,0.31,0.29,2.35,1.66,1.54,1.82,1.44,0.18,2.45,1.73,1.89,1.61,1.5,1.95,0.61,0.24,1.38,1.74,0.28,2.33,1.96,1.53,1.41,1.41,2.03,1.48,1.79,0.54,1.42,1.85,1.41,0.48,1.28,1.87,1.35,2.14,0.46,1.87
F233,0.15,0.15,0.15,0.54,0.7,0.13,0.1,0.1,0.13,0.0,,1.38,1.36,1.46,0.86,0.33,0.33,0.33,0.24,2.38,2.41,0.26,0.26,0.27,1.23,0.97,1.59,2.48,1.4,2.31,2.01,1.45,0.27,0.34,0.35,0.35,1.97,1.56,1.56,1.51,1.29,1.9,1.81,4.34,0.45,0.37,0.28,0.18,0.32,0.32,0.32,1.79,1.75,1.37,0.28,1.05,1.51,1.62,0.13,1.99,0.61,2.06,0.31,1.33,1.33,1.4,1.46,1.64,1.49,2.17,2.17,1.63,1.64,0.34,4.27,0.66,0.53,0.66,2.04,0.26,2.27,1.46,2.0,1.76,1.72,0.08,1.15,1.15,1.85,1.84,0.29,0.29,1.16,1.16,1.25,1.16,1.16,2.26,1.74,1.39,1.64,1.46,1.61,1.81,1.49,1.64,1.71,1.37,1.68,2.19,2.19,1.38,0.26,2.25,0.36,1.41,1.73,0.58,1.76,1.48,0.23,1.35,1.24,0.68,0.54,1.43,1.58,2.21,0.21,1.89,1.55,0.24,1.77,0.11,2.09,2.09,2.09,2.26,0.16,0.15,0.33,2.2,2.29,4.28,0.25,0.25,0.24,2.31,1.61,1.49,1.77,1.38,0.21,2.4,1.68,1.85,1.56,1.44,1.9,0.65,0.19,1.33,1.69,0.32,2.29,1.91,1.48,1.36,1.36,1.98,1.43,1.74,0.48,1.37,1.7,1.36,0.52,1.23,1.82,1.29,2.09,0.4,1.83
F232,0.15,0.15,0.15,0.54,0.7,0.13,0.1,0.1,0.13,,0.0,1.38,1.35,1.46,0.86,0.33,0.33,0.33,0.24,2.38,2.41,0.26,0.26,0.26,1.23,0.97,1.59,2.48,1.4,2.31,2.02,1.45,0.27,0.34,0.35,0.35,1.97,1.56,1.56,1.51,1.29,1.9,1.81,4.34,0.44,0.37,0.28,0.18,0.32,0.32,0.32,1.79,1.75,1.37,0.28,1.05,1.51,1.62,0.13,2.0,0.61,2.07,0.31,1.33,1.33,1.4,1.46,1.64,1.5,2.17,2.17,1.63,1.64,0.33,4.27,0.66,0.53,0.66,2.04,0.26,2.28,1.46,2.0,1.76,1.72,0.08,1.15,1.15,1.85,1.84,0.29,0.29,1.16,1.16,1.25,1.16,1.16,2.27,1.74,1.39,1.64,1.46,1.61,1.81,1.49,1.64,1.71,1.37,1.68,2.19,2.19,1.38,0.26,2.25,0.36,1.41,1.73,0.58,1.76,1.48,0.23,1.35,1.25,0.68,0.54,1.43,1.58,2.21,0.21,1.89,1.55,0.24,1.77,0.11,2.09,2.09,2.09,2.27,0.16,0.15,0.33,2.2,2.29,4.28,0.25,0.25,0.24,2.32,1.61,1.49,1.78,1.38,0.21,2.4,1.68,1.85,1.55,1.44,1.9,0.66,0.19,1.33,1.69,0.32,2.3,1.91,1.48,1.36,1.36,1.99,1.42,1.75,0.48,1.37,1.7,1.36,0.52,1.23,1.82,1.29,2.1,0.41,1.83
F1128,1.45,1.45,1.45,0.99,2.0,1.43,1.4,1.4,1.43,1.38,1.38,0.0,0.64,0.76,1.98,1.57,1.57,1.57,1.18,0.97,1.0,1.15,1.49,1.49,0.15,0.45,0.37,1.07,0.06,0.9,0.6,0.48,1.16,1.57,1.58,1.28,0.59,0.2,0.2,0.09,0.24,0.49,0.4,4.92,1.6,1.34,1.52,1.39,1.56,1.56,1.56,0.41,0.37,0.24,1.26,0.38,0.18,0.26,1.35,0.57,1.84,0.65,1.54,0.01,0.01,0.17,0.32,0.26,0.45,0.79,0.79,1.07,1.07,1.57,4.88,1.9,0.88,1.89,0.69,1.16,0.85,0.49,0.58,0.4,0.36,1.32,0.31,0.31,0.44,0.46,1.52,1.52,0.3,0.29,0.22,0.3,0.3,0.85,0.38,0.05,0.24,0.37,1.15,0.43,0.34,0.32,0.35,1.16,0.35,0.78,0.78,0.3,1.15,0.83,1.25,0.08,0.36,0.99,0.39,0.7,1.46,0.43,0.28,0.91,1.24,0.69,0.39,0.82,1.44,0.47,0.22,1.17,0.39,1.3,0.71,0.71,0.71,0.88,1.39,1.38,1.55,0.78,0.87,4.88,1.22,1.23,1.21,0.9,0.29,0.14,0.37,0.38,1.44,0.99,0.44,0.47,0.42,0.51,0.48,1.84,1.24,0.23,0.36,1.56,0.87,0.49,0.7,0.44,0.44,0.55,0.25,0.37,1.11,0.45,0.35,0.61,1.75,0.18,1.34,0.32,0.71,1.34,0.47
F51,1.43,1.42,1.43,0.97,1.56,1.41,1.38,1.38,1.41,1.36,1.35,0.64,0.0,0.29,1.53,1.61,1.62,1.61,1.22,1.3,1.33,1.2,1.54,1.54,0.55,0.47,0.95,1.4,0.74,1.23,0.93,1.03,1.21,1.62,1.63,1.33,1.14,0.9,0.93,0.88,0.69,0.86,0.87,5.34,1.64,1.38,1.56,1.43,1.61,1.61,1.61,0.92,0.92,0.8,1.31,0.33,0.69,0.87,1.4,0.91,1.47,0.98,1.59,0.67,0.67,0.78,0.89,0.85,0.48,1.34,1.31,1.64,1.65,1.62,5.3,1.43,0.93,1.43,1.22,1.2,1.19,0.31,0.92,0.94,0.9,1.36,0.42,0.42,0.83,0.97,1.57,1.57,0.44,0.44,0.49,0.52,0.52,1.19,0.93,0.74,0.89,0.91,1.73,0.98,0.91,0.82,0.89,1.53,0.79,1.12,1.12,0.81,1.2,1.17,1.29,0.74,0.9,1.03,0.83,0.23,1.51,0.3,0.42,0.95,1.29,0.21,0.97,1.34,1.49,0.81,0.93,1.22,0.94,1.35,1.17,1.17,1.17,1.37,1.43,1.42,1.6,1.12,1.21,5.31,1.27,1.27,1.25,1.24,0.81,0.83,0.91,0.38,1.48,1.33,0.6,1.02,1.0,0.3,0.78,1.38,1.28,0.7,0.88,1.59,1.21,0.78,1.28,0.94,0.94,0.89,0.83,0.92,1.15,0.95,0.98,0.04,1.49,0.59,2.01,0.4,1.27,1.39,0.87
F664,1.54,1.53,1.54,1.04,1.4,1.52,1.48,1.49,1.52,1.46,1.46,0.76,0.29,0.0,1.37,1.59,1.59,1.58,1.34,1.37,1.4,1.31,1.51,1.65,0.69,0.7,1.11,1.47,0.91,1.3,1.0,1.27,1.32,1.65,1.66,1.44,1.22,1.02,1.01,0.88,0.91,0.93,0.94,5.34,1.76,1.49,1.68,1.55,1.45,1.61,1.61,1.0,1.0,1.07,1.42,0.56,0.8,0.95,1.51,0.98,1.32,1.05,1.6,0.8,0.8,1.02,1.08,0.93,0.55,1.42,1.42,1.78,1.79,1.66,5.3,1.28,1.04,1.27,1.29,1.32,1.26,0.37,0.99,1.01,0.97,1.48,0.61,0.61,0.9,1.04,1.52,1.51,0.63,0.64,0.59,0.72,0.72,1.25,1.0,0.83,0.96,1.17,1.87,1.06,1.06,0.89,0.96,1.75,0.86,1.18,1.18,1.04,1.31,1.24,1.41,0.92,0.98,1.06,0.91,0.12,1.62,0.44,0.54,0.95,1.4,0.2,1.11,1.4,1.54,0.87,1.01,1.33,1.02,1.46,1.24,1.24,1.24,1.43,1.54,1.54,1.71,1.19,1.27,5.3,1.38,1.38,1.37,1.3,0.88,0.99,0.98,0.44,1.59,1.4,0.67,1.1,1.13,0.38,0.84,1.22,1.39,0.91,0.95,1.42,1.28,0.85,1.43,1.17,1.17,0.96,1.05,0.99,1.26,1.18,1.06,0.31,1.34,0.74,2.09,0.51,1.34,1.5,0.94
F592,0.85,0.82,0.82,1.3,0.35,0.82,0.83,0.83,0.82,0.86,0.86,1.98,1.53,1.37,0.0,0.66,0.66,0.65,1.02,2.67,2.7,1.04,0.74,0.71,1.94,1.74,2.35,2.76,2.15,2.6,2.3,2.21,1.05,0.72,0.73,1.13,2.55,2.35,2.34,2.12,2.06,2.22,2.25,4.36,0.97,1.12,0.75,0.83,0.8,0.68,0.68,2.31,2.33,2.14,1.06,1.81,2.01,2.25,0.84,2.28,0.37,2.34,0.7,2.08,2.08,2.16,2.22,2.27,1.78,2.7,2.7,2.39,2.39,0.79,4.29,0.39,1.31,0.38,2.62,1.04,2.54,1.61,2.29,2.35,2.3,0.9,1.87,1.87,2.19,2.34,0.76,0.76,1.89,1.89,1.84,1.93,1.93,2.55,2.31,2.06,2.27,2.23,2.38,2.39,2.25,2.19,2.29,2.14,2.16,2.48,2.48,2.15,1.04,2.53,1.14,2.17,2.31,1.36,2.21,1.47,0.79,1.69,1.79,1.46,1.32,1.43,2.34,2.74,0.78,2.17,2.26,1.02,2.35,0.89,2.53,2.53,2.53,2.79,0.79,0.78,0.77,2.47,2.57,4.3,1.03,1.03,1.02,2.59,2.18,2.24,2.29,1.68,0.78,2.68,1.91,2.43,2.32,1.63,2.14,0.33,0.96,2.1,2.26,0.77,2.56,2.14,2.25,2.12,2.12,2.26,2.19,2.33,1.26,2.14,2.39,1.57,0.41,1.99,2.58,1.76,2.62,1.19,2.22
F774,0.32,0.31,0.32,0.79,0.51,0.29,0.31,0.31,0.29,0.33,0.33,1.57,1.61,1.59,0.66,0.0,0.0,0.01,0.57,2.73,2.75,0.53,0.23,0.15,1.56,1.29,1.91,2.81,1.73,2.66,2.35,1.77,0.54,0.08,0.09,0.62,2.3,1.89,1.89,1.83,1.62,2.24,2.15,4.39,0.42,0.62,0.3,0.33,0.33,0.04,0.04,2.12,2.08,1.69,0.55,1.38,1.83,1.94,0.36,2.34,0.41,2.4,0.18,1.66,1.66,1.72,1.78,2.01,1.82,2.5,2.5,1.96,1.96,0.29,4.34,0.46,0.85,0.46,2.37,0.53,2.6,1.78,2.34,2.09,2.05,0.39,1.48,1.48,2.2,2.18,0.24,0.24,1.49,1.49,1.58,1.49,1.49,2.68,2.07,1.72,2.0,1.79,1.95,2.15,1.82,1.96,2.04,1.7,2.02,2.54,2.54,1.71,0.53,2.59,0.63,1.74,2.07,0.92,2.1,1.65,0.25,1.69,1.58,1.01,0.81,1.61,1.91,2.54,0.27,2.23,1.93,0.51,2.1,0.38,2.43,2.43,2.43,2.6,0.28,0.27,0.12,2.54,2.63,4.34,0.58,0.58,0.57,2.65,1.93,1.82,2.11,1.71,0.27,2.75,2.02,2.18,1.88,1.77,2.24,0.46,0.46,1.66,2.01,0.29,2.69,2.25,1.81,1.68,1.68,2.32,1.75,2.08,0.75,1.7,2.14,1.69,0.32,1.56,2.16,1.62,2.42,0.67,2.15
F773,0.32,0.31,0.32,0.79,0.51,0.3,0.31,0.31,0.29,0.33,0.33,1.57,1.62,1.59,0.66,0.0,0.0,0.01,0.57,2.73,2.76,0.53,0.23,0.15,1.56,1.29,1.92,2.81,1.73,2.65,2.35,1.77,0.54,0.08,0.09,0.61,2.29,1.89,1.89,1.83,1.62,2.24,2.15,4.39,0.42,0.62,0.24,0.33,0.33,0.04,0.04,2.12,2.08,1.69,0.55,1.38,1.83,1.93,0.33,2.33,0.41,2.4,0.18,1.66,1.66,1.72,1.77,2.01,1.82,2.5,2.5,1.96,1.96,0.29,4.34,0.46,0.85,0.46,2.37,0.53,2.6,1.78,2.34,2.09,2.05,0.39,1.48,1.48,2.19,2.17,0.24,0.24,1.48,1.48,1.57,1.48,1.48,2.6,2.06,1.72,1.96,1.79,1.94,2.14,1.81,1.95,2.03,1.69,2.01,2.53,2.53,1.69,0.53,2.58,0.63,1.73,2.06,0.91,2.08,1.65,0.25,1.68,1.56,1.0,0.81,1.61,1.89,2.53,0.27,2.22,1.86,0.51,2.09,0.38,2.42,2.42,2.42,2.58,0.28,0.27,0.12,2.52,2.62,4.34,0.57,0.57,0.56,2.64,1.92,1.81,2.1,1.7,0.27,2.73,2.01,2.17,1.87,1.76,2.23,0.45,0.45,1.64,2.0,0.29,2.61,2.24,1.79,1.67,1.67,2.31,1.74,2.06,0.75,1.68,2.12,1.68,0.32,1.55,2.14,1.61,2.41,0.67,2.14
F808,0.32,0.31,0.32,0.78,0.5,0.29,0.31,0.31,0.29,0.33,0.33,1.57,1.61,1.58,0.65,0.01,0.01,0.0,0.56,2.72,2.74,0.53,0.22,0.15,1.55,1.28,1.91,2.8,1.72,2.64,2.34,1.77,0.54,0.08,0.09,0.61,2.29,1.89,1.89,1.82,1.61,2.23,2.14,4.39,0.42,0.62,0.24,0.32,0.33,0.04,0.04,2.11,2.07,1.69,0.54,1.37,1.82,1.93,0.33,2.33,0.41,2.39,0.17,1.66,1.66,1.72,1.77,2.01,1.82,2.49,2.49,1.95,1.96,0.29,4.33,0.46,0.85,0.46,2.36,0.53,2.59,1.78,2.33,2.08,2.04,0.39,1.47,1.47,2.18,2.16,0.23,0.23,1.48,1.48,1.57,1.48,1.48,2.59,2.05,1.72,1.95,1.79,1.93,2.13,1.81,1.95,2.02,1.69,2.0,2.52,2.52,1.7,0.53,2.58,0.63,1.73,2.05,0.91,2.08,1.65,0.25,1.68,1.57,1.0,0.81,1.61,1.9,2.52,0.27,2.22,1.86,0.51,2.09,0.38,2.41,2.41,2.41,2.58,0.32,0.31,0.12,2.52,2.62,4.34,0.58,0.58,0.57,2.64,1.92,1.82,2.1,1.71,0.27,2.73,2.01,2.17,1.88,1.77,2.23,0.45,0.45,1.65,2.0,0.29,2.61,2.24,1.8,1.68,1.68,2.31,1.75,2.07,0.75,1.69,2.13,1.69,0.31,1.56,2.15,1.62,2.41,0.67,2.14
F508,0.32,0.31,0.31,0.4,0.87,0.3,0.26,0.26,0.29,0.24,0.24,1.18,1.22,1.34,1.02,0.57,0.57,0.56,0.0,2.26,2.28,0.11,0.42,0.42,1.11,0.84,1.46,2.36,1.27,2.2,1.9,1.32,0.12,0.5,0.51,0.15,1.85,1.43,1.43,1.39,1.16,1.78,1.69,4.33,0.53,0.27,0.44,0.32,0.48,0.48,0.48,1.67,1.63,1.24,0.08,0.92,1.39,1.5,0.28,1.88,0.77,1.95,0.47,1.2,1.2,1.27,1.33,1.3,1.36,2.05,2.05,1.5,1.51,0.49,4.27,0.82,0.4,0.82,1.92,0.1,2.16,1.33,1.89,1.68,1.6,0.25,1.02,1.02,1.73,1.72,0.45,0.45,1.03,1.03,1.12,1.03,1.03,2.15,1.62,1.28,1.52,1.33,1.48,1.69,1.36,1.52,1.58,1.24,1.56,2.08,2.08,1.25,0.11,2.14,0.15,1.28,1.61,0.45,1.64,1.35,0.39,1.23,1.12,0.55,0.42,1.3,1.45,2.08,0.36,1.77,1.43,0.11,1.65,0.23,1.97,1.97,1.97,2.14,0.31,0.3,0.48,2.07,2.17,4.28,0.05,0.05,0.04,2.2,1.49,1.36,1.65,1.26,0.36,2.29,1.55,1.73,1.43,1.31,1.78,0.81,0.14,1.2,1.57,0.48,2.17,1.79,1.35,1.23,1.23,1.86,1.3,1.62,0.36,1.24,1.56,1.23,0.67,1.1,1.69,1.17,1.97,0.27,1.7
F219,2.43,2.42,2.42,1.98,2.66,2.41,2.38,2.39,2.42,2.38,2.38,0.97,1.3,1.37,2.67,2.73,2.73,2.72,2.26,0.0,0.05,2.07,2.43,2.43,1.11,1.38,0.97,0.44,1.13,0.41,0.58,1.17,2.11,2.51,2.52,2.21,0.65,1.0,1.0,1.09,1.15,0.66,0.73,5.37,2.56,2.29,2.46,2.34,2.49,2.49,2.49,0.68,0.7,1.03,2.19,1.31,1.09,0.91,2.3,0.59,2.53,0.64,2.47,1.14,1.14,1.06,1.06,0.91,1.0,0.41,0.41,1.43,1.44,2.5,5.33,2.48,1.81,2.48,0.49,2.11,0.52,1.1,0.59,0.78,0.74,2.27,1.24,1.24,0.68,0.61,2.46,2.46,1.23,1.22,1.18,1.25,1.25,0.45,0.82,1.11,0.95,1.14,1.48,0.69,1.05,0.84,0.79,1.65,0.86,0.43,0.43,1.06,2.08,0.71,2.18,1.11,0.72,1.92,0.79,1.3,2.4,1.23,1.21,1.87,2.17,1.3,0.97,0.38,2.38,0.57,0.96,2.1,0.67,2.26,0.39,0.39,0.39,0.26,2.33,2.33,2.5,0.55,0.25,5.34,2.18,2.16,2.14,0.28,0.83,1.03,0.74,1.11,2.38,0.49,0.79,0.65,1.0,1.17,0.64,2.43,2.19,1.12,0.84,2.49,0.73,0.65,1.29,1.19,1.19,0.59,1.04,0.72,2.04,1.19,0.85,1.28,2.54,1.24,1.69,1.24,0.39,2.3,0.76
F1051,2.45,2.44,2.44,2.0,2.68,2.43,2.4,2.41,2.45,2.41,2.41,1.0,1.33,1.4,2.7,2.75,2.76,2.74,2.28,0.05,0.0,2.13,2.45,2.46,1.16,1.43,0.99,0.48,1.15,0.44,0.62,1.19,2.14,2.53,2.54,2.26,0.67,1.02,1.01,1.13,1.16,0.69,0.75,5.39,2.58,2.31,2.48,2.36,2.51,2.51,2.51,0.7,0.72,1.07,2.23,1.35,1.11,0.94,2.32,0.62,2.56,0.67,2.5,1.19,1.19,1.06,1.08,0.92,1.03,0.43,0.43,1.45,1.46,2.52,5.35,2.52,1.86,2.52,0.51,2.13,0.56,1.13,0.63,0.8,0.76,2.29,1.28,1.28,0.71,0.63,2.48,2.48,1.26,1.26,1.23,1.3,1.3,0.48,0.84,1.14,0.97,1.18,1.5,0.71,1.07,0.87,0.81,1.67,0.9,0.46,0.46,1.11,2.13,0.74,2.21,1.13,0.74,1.97,0.82,1.34,2.43,1.26,1.26,1.89,2.22,1.33,0.99,0.4,2.4,0.6,1.01,2.15,0.69,2.28,0.41,0.41,0.41,0.28,2.35,2.35,2.52,0.58,0.28,5.36,2.2,2.2,2.18,0.31,0.87,1.05,0.76,1.15,2.4,0.52,0.83,0.67,1.02,1.2,0.67,2.47,2.21,1.17,0.86,2.51,0.76,0.68,1.31,1.21,1.21,0.62,1.04,0.74,2.08,1.21,0.87,1.32,2.58,1.28,1.71,1.28,0.41,2.31,0.77
F217,0.34,0.33,0.33,0.37,0.89,0.32,0.28,0.28,0.31,0.26,0.26,1.15,1.2,1.31,1.04,0.53,0.53,0.53,0.11,2.07,2.13,0.0,0.45,0.45,1.07,0.8,1.42,2.32,1.23,2.15,1.85,1.28,0.03,0.53,0.54,0.2,1.81,1.4,1.39,1.35,1.12,1.74,1.65,4.36,0.56,0.3,0.47,0.35,0.51,0.51,0.51,1.63,1.59,1.2,0.19,0.88,1.35,1.45,0.31,1.83,0.8,1.91,0.49,1.17,1.17,1.23,1.29,1.48,1.32,2.01,2.01,1.46,1.46,0.52,4.31,0.85,0.36,0.85,1.88,0.05,2.11,1.29,1.84,1.6,1.55,0.28,0.98,0.98,1.69,1.68,0.48,0.48,0.99,0.99,1.08,0.99,0.99,2.1,1.57,1.24,1.47,1.3,1.44,1.64,1.32,1.47,1.54,1.2,1.52,2.03,2.03,1.21,0.02,2.09,0.18,1.24,1.56,0.41,1.59,1.31,0.42,1.19,1.08,0.51,0.38,1.26,1.41,2.04,0.39,1.72,1.38,0.1,1.6,0.26,1.92,1.92,1.92,2.09,0.34,0.33,0.51,2.03,2.12,4.31,0.15,0.16,0.14,2.15,1.44,1.32,1.6,1.22,0.39,2.24,1.51,1.68,1.39,1.27,1.73,0.84,0.19,1.16,1.51,0.51,2.12,1.74,1.31,1.19,1.19,1.81,1.26,1.57,0.32,1.2,1.53,1.19,0.7,1.06,1.65,1.12,1.92,0.21,1.65
F138,0.24,0.24,0.24,0.71,0.59,0.22,0.23,0.24,0.22,0.26,0.26,1.49,1.54,1.51,0.74,0.23,0.23,0.22,0.42,2.43,2.45,0.45,0.0,0.19,1.42,1.15,1.78,2.66,1.59,2.5,2.2,1.63,0.46,0.18,0.19,0.53,2.15,1.75,1.75,1.69,1.48,2.09,2.0,4.4,0.45,0.54,0.24,0.24,0.16,0.16,0.16,1.97,1.93,1.55,0.46,1.24,1.68,1.78,0.25,2.18,0.46,2.25,0.15,1.52,1.52,1.58,1.64,1.85,1.68,2.34,2.34,1.82,1.82,0.17,4.35,0.5,0.72,0.5,2.22,0.45,2.45,1.64,2.18,1.93,1.89,0.31,1.34,1.34,2.03,2.01,0.08,0.08,1.34,1.34,1.43,1.34,1.34,2.44,1.9,1.57,1.8,1.65,1.8,1.98,1.67,1.8,1.87,1.56,1.85,2.37,2.37,1.56,0.45,2.43,0.55,1.59,1.91,0.77,1.92,1.61,0.27,1.54,1.43,0.87,0.73,1.57,1.76,2.38,0.18,2.07,1.71,0.43,1.94,0.3,2.26,2.26,2.26,2.44,0.18,0.17,0.26,2.37,2.46,4.36,0.43,0.44,0.42,2.48,1.77,1.68,1.95,1.57,0.26,2.57,1.87,2.02,1.74,1.63,2.08,0.5,0.37,1.51,1.85,0.14,2.46,2.08,1.67,1.54,1.54,2.15,1.61,1.91,0.67,1.55,1.88,1.54,0.36,1.41,2.01,1.48,2.26,0.59,1.98
F745,0.26,0.23,0.22,0.71,0.55,0.23,0.24,0.24,0.23,0.27,0.26,1.49,1.54,1.65,0.71,0.15,0.15,0.15,0.42,2.43,2.46,0.45,0.19,0.0,1.4,1.13,1.76,2.7,1.57,2.47,2.17,1.61,0.44,0.12,0.15,0.52,2.13,1.73,1.73,1.65,1.46,2.13,1.97,4.32,0.32,0.52,0.12,0.23,0.29,0.14,0.14,2.04,1.97,1.54,0.45,1.22,1.65,1.76,0.23,2.15,0.46,2.29,0.19,1.5,1.5,1.56,1.62,1.83,1.66,2.35,2.32,1.8,1.8,0.25,4.26,0.51,0.7,0.51,2.19,0.43,2.42,1.62,2.16,1.98,1.87,0.29,1.32,1.32,2.01,2.06,0.24,0.24,1.32,1.32,1.42,1.32,1.32,2.41,1.88,1.55,1.82,1.63,1.78,1.96,1.65,1.78,1.85,1.54,1.83,2.35,2.35,1.55,0.43,2.41,0.54,1.57,1.88,0.75,1.9,1.64,0.14,1.52,1.41,0.85,0.71,1.59,1.74,2.35,0.25,2.04,1.74,0.41,1.92,0.28,2.24,2.24,2.24,2.41,0.24,0.24,0.09,2.35,2.43,4.27,0.42,0.42,0.41,2.46,1.81,1.66,1.92,1.55,0.17,2.55,1.86,1.99,1.72,1.61,2.05,0.5,0.35,1.49,1.89,0.28,2.51,2.01,1.64,1.52,1.52,2.2,1.59,1.89,0.65,1.53,1.89,1.53,0.37,1.4,1.99,1.46,2.24,0.57,1.96
F347,1.31,1.31,1.31,0.85,1.86,1.29,1.26,1.26,1.29,1.23,1.23,0.15,0.55,0.69,1.94,1.56,1.56,1.55,1.11,1.11,1.16,1.07,1.42,1.4,0.0,0.36,0.53,1.26,0.22,1.1,0.79,0.64,1.07,1.48,1.5,1.2,0.72,0.36,0.36,0.19,0.29,0.65,0.54,5.08,1.51,1.25,1.43,1.3,1.47,1.47,1.47,0.54,0.5,0.4,1.17,0.29,0.2,0.38,1.26,0.72,1.77,0.79,1.45,0.15,0.15,0.33,0.48,0.41,0.39,0.92,0.92,1.23,1.29,1.48,5.1,1.79,0.79,1.78,0.8,1.07,1.0,0.39,0.73,0.52,0.48,1.23,0.21,0.21,0.64,0.59,1.44,1.43,0.21,0.2,0.14,0.23,0.23,1.0,0.51,0.14,0.36,0.53,1.31,0.56,0.5,0.48,0.48,1.32,0.5,0.98,0.98,0.44,1.06,0.98,1.16,0.23,0.49,0.9,0.51,0.59,1.37,0.33,0.18,0.82,1.15,0.59,0.55,1.01,1.35,0.67,0.35,1.09,0.54,1.22,0.85,0.85,0.85,1.02,1.3,1.29,1.47,0.93,1.02,5.04,1.13,1.14,1.12,1.05,0.41,0.3,0.51,0.28,1.35,1.14,0.57,0.6,0.58,0.41,0.62,1.73,1.15,0.3,0.46,1.47,1.02,0.63,0.86,0.59,0.59,0.75,0.41,0.5,1.02,0.61,0.51,0.51,1.67,0.16,1.58,0.22,0.84,1.25,0.6
F183,1.04,1.04,1.04,0.58,1.59,1.02,0.99,0.99,1.02,0.97,0.97,0.45,0.47,0.7,1.74,1.29,1.29,1.28,0.84,1.38,1.43,0.8,1.15,1.13,0.36,0.0,0.66,1.59,0.52,1.43,1.12,0.61,0.8,1.21,1.22,0.93,1.02,0.65,0.65,0.52,0.37,1.01,0.92,4.91,1.24,0.98,1.15,1.03,1.2,1.2,1.2,0.93,0.87,0.44,0.9,0.15,0.64,0.76,0.99,1.1,1.49,1.17,1.18,0.45,0.45,0.47,0.53,0.68,0.61,1.24,1.24,1.26,1.26,1.21,4.86,1.54,0.52,1.54,1.11,0.8,1.38,0.57,1.11,0.84,0.84,0.96,0.27,0.27,0.96,0.95,1.16,1.16,0.28,0.28,0.37,0.27,0.27,1.37,0.81,0.54,0.75,0.52,1.33,0.92,0.56,0.78,0.82,1.1,0.81,1.3,1.3,0.45,0.79,1.36,0.89,0.52,0.85,0.63,0.87,0.61,1.1,0.47,0.36,0.55,0.89,0.59,0.64,1.31,1.08,0.99,0.69,0.82,0.88,0.94,1.2,1.2,1.2,1.36,1.02,1.02,1.2,1.31,1.39,4.87,0.86,0.87,0.85,1.42,0.75,0.61,0.88,0.5,1.07,1.52,0.79,0.95,0.62,0.55,1.0,1.53,0.87,0.4,0.79,1.2,1.4,1.01,0.87,0.52,0.52,1.08,0.49,0.86,0.75,0.53,0.76,0.46,1.39,0.35,1.54,0.42,1.19,0.98,0.95
F249,1.67,1.66,1.66,1.2,2.22,1.65,1.61,1.62,1.65,1.59,1.59,0.37,0.95,1.11,2.35,1.91,1.92,1.91,1.46,0.97,0.99,1.42,1.78,1.76,0.53,0.66,0.0,1.12,0.34,0.96,0.65,0.44,1.41,1.82,1.83,1.53,0.41,0.27,0.27,0.34,0.31,0.55,0.45,4.8,1.85,1.58,1.76,1.63,1.8,1.8,1.8,0.45,0.42,0.24,1.51,0.67,0.47,0.35,1.6,0.63,2.09,0.71,1.78,0.37,0.37,0.22,0.25,0.26,0.74,0.63,0.63,0.95,0.96,1.82,4.76,2.14,1.13,2.14,0.48,1.41,0.91,0.84,0.66,0.35,0.35,1.56,0.58,0.58,0.49,0.52,1.77,1.77,0.59,0.58,0.57,0.49,0.49,0.91,0.3,0.4,0.35,0.34,1.04,0.38,0.16,0.37,0.41,1.05,0.41,0.84,0.84,0.26,1.4,0.9,1.49,0.32,0.41,1.24,0.45,1.05,1.71,0.78,0.64,1.16,1.49,1.04,0.18,0.68,1.68,0.53,0.4,1.42,0.41,1.55,0.57,0.57,0.57,0.74,1.63,1.62,1.8,0.84,0.93,4.76,1.47,1.47,1.45,0.96,0.31,0.28,0.42,0.74,1.68,1.05,0.53,0.37,0.15,0.87,0.54,2.13,1.48,0.3,0.3,1.81,0.93,0.54,0.59,0.41,0.41,0.61,0.2,0.36,1.35,0.42,0.17,1.03,1.99,0.45,1.23,0.68,0.57,1.58,0.54
F421,2.52,2.51,2.51,2.07,2.75,2.5,2.47,2.48,2.51,2.48,2.48,1.07,1.4,1.47,2.76,2.81,2.81,2.8,2.36,0.44,0.48,2.32,2.66,2.7,1.26,1.59,1.12,0.0,1.17,0.24,0.63,1.3,2.14,2.53,2.54,2.26,0.97,1.04,1.03,1.14,1.18,0.7,0.76,5.66,2.58,2.31,2.48,2.37,2.52,2.52,2.52,0.8,0.82,1.09,2.24,1.37,1.13,0.96,2.33,0.64,2.59,0.71,2.5,1.2,1.2,1.08,1.1,0.95,1.06,0.76,0.76,1.8,1.81,2.52,5.63,2.55,1.86,2.55,0.8,2.14,0.43,1.17,0.64,0.89,0.83,2.29,1.29,1.29,0.73,0.78,2.49,2.49,1.28,1.28,1.3,1.3,1.3,0.38,0.92,1.16,0.98,1.2,1.91,0.89,1.08,0.89,0.81,1.9,0.92,0.45,0.45,1.11,2.13,0.61,2.23,1.18,0.81,1.98,0.85,1.37,2.43,1.29,1.26,1.9,2.22,1.37,1.13,0.76,2.4,0.62,1.02,2.15,0.85,2.28,0.7,0.7,0.7,0.68,2.36,2.35,2.52,0.51,0.23,5.63,2.2,2.2,2.19,0.22,0.88,1.11,0.79,1.18,2.41,0.16,0.85,0.85,1.15,1.24,0.69,2.5,2.21,1.17,0.9,2.52,0.57,0.7,1.44,1.26,1.26,0.65,1.06,0.82,2.09,1.27,1.18,1.36,2.62,1.29,2.12,1.32,0.72,2.32,0.79
F236,1.47,1.47,1.47,1.01,2.03,1.45,1.42,1.42,1.45,1.4,1.4,0.06,0.74,0.91,2.15,1.73,1.73,1.72,1.27,1.13,1.15,1.23,1.59,1.57,0.22,0.52,0.34,1.17,0.0,0.93,0.63,0.46,1.22,1.63,1.64,1.34,0.62,0.19,0.18,0.05,0.27,0.52,0.43,4.9,1.66,1.39,1.57,1.44,1.62,1.62,1.62,0.44,0.4,0.22,1.32,0.44,0.19,0.27,1.41,0.61,1.91,0.68,1.6,0.07,0.07,0.15,0.3,0.26,0.51,0.83,0.83,1.04,1.05,1.63,4.85,1.96,0.94,1.96,0.65,1.22,0.88,0.56,0.62,0.41,0.38,1.38,0.37,0.37,0.47,0.48,1.58,1.58,0.36,0.36,0.28,0.33,0.33,0.88,0.38,0.11,0.23,0.35,1.13,0.45,0.32,0.33,0.36,1.14,0.34,0.81,0.81,0.28,1.21,0.87,1.31,0.06,0.38,1.05,0.4,0.77,1.52,0.51,0.34,0.97,1.3,0.77,0.37,0.86,1.5,0.5,0.22,1.23,0.41,1.36,0.73,0.73,0.73,0.9,1.44,1.43,1.61,0.81,0.9,4.86,1.28,1.28,1.27,0.93,0.3,0.12,0.4,0.45,1.49,1.02,0.5,0.49,0.4,0.6,0.51,1.91,1.3,0.26,0.37,1.62,0.9,0.52,0.68,0.41,0.41,0.58,0.23,0.39,1.17,0.43,0.33,0.7,1.82,0.24,1.33,0.39,0.75,1.4,0.48
F111,2.36,2.35,2.35,1.91,2.58,2.34,2.31,2.32,2.35,2.31,2.31,0.9,1.23,1.3,2.6,2.66,2.65,2.64,2.2,0.41,0.44,2.15,2.5,2.47,1.1,1.43,0.96,0.24,0.93,0.0,0.5,1.14,2.01,2.4,2.41,2.13,0.84,0.88,0.87,1.0,1.03,0.57,0.62,5.51,2.45,2.18,2.35,2.23,2.39,2.39,2.39,0.67,0.67,0.94,2.1,1.23,0.98,0.82,2.19,0.5,2.45,0.54,2.37,1.06,1.06,0.93,0.95,0.79,0.92,0.61,0.61,1.65,1.66,2.4,5.48,2.4,1.73,2.4,0.66,2.01,0.28,1.02,0.51,0.75,0.69,2.16,1.16,1.16,0.59,0.64,2.36,2.36,1.15,1.14,1.1,1.17,1.17,0.21,0.78,1.03,0.83,1.04,1.74,0.74,0.93,0.75,0.66,1.75,0.77,0.27,0.27,0.96,2.0,0.54,2.09,1.04,0.66,1.84,0.7,1.23,2.3,1.15,1.13,1.76,2.09,1.22,0.98,0.6,2.28,0.49,0.88,2.02,0.73,2.14,0.56,0.56,0.56,0.51,2.22,2.22,2.39,0.34,0.22,5.47,2.06,2.07,2.05,0.18,0.73,0.97,0.65,1.03,2.28,0.16,0.71,0.72,0.99,1.09,0.56,2.35,2.08,1.02,0.75,2.39,0.54,0.56,1.29,1.11,1.11,0.51,0.91,0.68,1.96,1.12,0.87,1.21,2.47,1.16,1.95,1.17,0.59,2.18,0.64
F206,2.06,2.05,2.05,1.61,2.28,2.04,2.01,2.02,2.06,2.01,2.02,0.6,0.93,1.0,2.3,2.35,2.35,2.34,1.9,0.58,0.62,1.85,2.2,2.17,0.79,1.12,0.65,0.63,0.63,0.5,0.0,0.8,1.7,2.1,2.12,1.82,0.58,0.55,0.54,0.68,0.69,0.27,0.29,5.17,2.13,1.87,2.05,1.92,2.09,2.09,2.09,0.34,0.35,0.59,1.79,0.92,0.66,0.49,1.88,0.06,2.12,0.14,2.07,0.71,0.71,0.59,0.61,0.46,0.59,0.6,0.6,1.31,1.31,2.1,5.12,2.08,1.42,2.08,0.54,1.69,0.43,0.69,0.18,0.42,0.36,1.85,0.84,0.84,0.27,0.29,2.05,2.05,0.83,0.83,0.79,0.85,0.85,0.46,0.45,0.71,0.5,0.7,1.4,0.44,0.58,0.42,0.34,1.41,0.44,0.42,0.42,0.62,1.69,0.32,1.78,0.66,0.34,1.53,0.37,0.89,1.99,0.81,0.81,1.44,1.77,0.88,0.64,0.63,1.96,0.19,0.55,1.71,0.4,1.83,0.45,0.45,0.45,0.69,1.91,1.9,2.08,0.33,0.48,5.13,1.75,1.75,1.74,0.51,0.41,0.58,0.32,0.7,1.96,0.6,0.39,0.43,0.65,0.75,0.24,2.02,1.76,0.68,0.43,2.09,0.36,0.25,0.94,0.76,0.76,0.08,0.57,0.35,1.64,0.78,0.66,0.87,2.13,0.84,1.6,0.83,0.52,1.87,0.32
F157,1.53,1.52,1.52,1.06,2.07,1.5,1.47,1.47,1.5,1.45,1.45,0.48,1.03,1.27,2.21,1.77,1.77,1.77,1.32,1.17,1.19,1.28,1.63,1.61,0.64,0.61,0.44,1.3,0.46,1.14,0.8,0.0,1.3,1.71,1.72,1.43,0.63,0.48,0.47,0.49,0.4,0.78,0.69,4.57,1.74,1.47,1.66,1.53,1.7,1.7,1.7,0.69,0.65,0.3,1.4,0.71,0.63,0.54,1.49,0.87,1.99,0.95,1.68,0.53,0.53,0.35,0.33,0.45,0.96,0.88,0.88,0.72,0.73,1.71,4.53,2.04,1.02,2.04,0.82,1.3,1.15,1.06,0.88,0.62,0.63,1.46,0.68,0.68,0.73,0.73,1.66,1.66,0.69,0.68,0.71,0.59,0.59,1.15,0.59,0.56,0.55,0.21,0.81,0.71,0.33,0.57,0.62,0.82,0.61,1.08,1.08,0.26,1.29,1.14,1.39,0.47,0.63,1.13,0.66,1.17,1.6,0.88,0.8,1.05,1.3,1.15,0.34,0.93,1.58,0.77,0.6,1.32,0.67,1.44,0.93,0.93,0.93,1.01,1.52,1.51,1.69,1.08,1.17,4.53,1.36,1.36,1.35,1.2,0.51,0.49,0.66,0.9,1.57,1.29,0.76,0.72,0.37,0.97,0.78,2.03,1.37,0.43,0.57,1.7,1.18,0.79,0.36,0.1,0.1,0.85,0.37,0.65,1.19,0.1,0.54,1.02,1.9,0.59,1.0,0.83,0.85,1.48,0.73
F418,0.35,0.34,0.34,0.38,0.9,0.32,0.29,0.29,0.32,0.27,0.27,1.16,1.21,1.32,1.05,0.54,0.54,0.54,0.12,2.11,2.14,0.03,0.46,0.44,1.07,0.8,1.41,2.14,1.22,2.01,1.7,1.3,0.0,0.55,0.56,0.21,1.77,1.4,1.4,1.31,1.13,1.69,1.61,4.54,0.58,0.31,0.48,0.36,0.52,0.53,0.53,1.59,1.55,1.21,0.2,0.89,1.31,1.42,0.32,1.79,0.81,1.86,0.51,1.18,1.18,1.24,1.3,1.48,1.33,1.97,1.97,1.47,1.48,0.53,4.32,0.86,0.38,0.86,1.89,0.07,2.07,1.3,1.8,1.56,1.52,0.29,0.99,0.99,1.65,1.63,0.49,0.49,1.0,1.0,1.09,1.0,1.0,2.06,1.53,1.21,1.44,1.31,1.46,1.61,1.33,1.43,1.5,1.22,1.54,1.99,1.99,1.22,0.03,2.05,0.19,1.25,1.53,0.43,1.55,1.32,0.43,1.2,1.09,0.53,0.39,1.27,1.42,2.0,0.4,1.69,1.35,0.11,1.57,0.27,1.89,1.89,1.89,2.06,0.35,0.34,0.53,1.99,2.08,4.32,0.17,0.17,0.15,2.11,1.41,1.33,1.57,1.22,0.4,2.2,1.53,1.64,1.4,1.29,1.7,0.85,0.2,1.17,1.49,0.52,2.09,1.71,1.33,1.2,1.2,1.78,1.27,1.54,0.33,1.21,1.54,1.2,0.71,1.07,1.67,1.13,1.89,0.22,1.62
F250,0.33,0.32,0.32,0.79,0.57,0.3,0.31,0.32,0.3,0.34,0.34,1.57,1.62,1.65,0.72,0.08,0.08,0.08,0.5,2.51,2.53,0.53,0.18,0.12,1.48,1.21,1.82,2.53,1.63,2.4,2.1,1.71,0.55,0.0,0.02,0.62,2.22,1.87,1.86,1.76,1.59,2.15,2.07,4.36,0.4,0.62,0.21,0.33,0.33,0.07,0.07,2.04,2.01,1.67,0.54,1.35,1.76,1.86,0.33,2.25,0.47,2.32,0.18,1.63,1.63,1.69,1.75,1.91,1.79,2.43,2.42,1.93,1.93,0.27,4.3,0.52,0.83,0.52,2.3,0.53,2.58,1.75,2.26,2.02,1.97,0.39,1.45,1.45,2.11,2.1,0.29,0.28,1.46,1.45,1.55,1.46,1.46,2.52,1.99,1.66,1.89,1.76,1.91,2.07,1.79,1.88,1.96,1.67,1.94,2.45,2.45,1.67,0.53,2.51,0.64,1.71,1.99,0.89,2.01,1.7,0.23,1.66,1.54,0.98,0.81,1.66,1.87,2.46,0.29,2.15,1.79,0.51,2.03,0.38,2.35,2.35,2.35,2.52,0.3,0.29,0.1,2.45,2.54,4.3,0.55,0.56,0.54,2.57,1.86,1.79,2.03,1.68,0.27,2.66,1.99,2.1,1.85,1.75,2.16,0.51,0.45,1.63,1.94,0.32,2.54,2.17,1.78,1.65,1.65,2.3,1.72,2.0,0.79,1.66,2.05,1.66,0.37,1.53,2.12,1.59,2.35,0.67,2.08
F1080,0.34,0.33,0.33,0.8,0.58,0.31,0.32,0.33,0.31,0.35,0.35,1.58,1.63,1.66,0.73,0.09,0.09,0.09,0.51,2.52,2.54,0.54,0.19,0.15,1.5,1.22,1.83,2.54,1.64,2.41,2.12,1.72,0.56,0.02,0.0,0.64,2.24,1.88,1.88,1.77,1.6,2.17,2.09,4.37,0.42,0.64,0.24,0.35,0.34,0.08,0.08,2.06,2.02,1.68,0.57,1.36,1.77,1.88,0.36,2.28,0.48,2.34,0.2,1.65,1.65,1.71,1.76,1.95,1.81,2.44,2.44,1.94,1.94,0.29,4.32,0.53,0.85,0.53,2.31,0.55,2.53,1.77,2.28,2.03,1.99,0.42,1.46,1.46,2.13,2.11,0.3,0.3,1.47,1.47,1.56,1.47,1.47,2.54,2.0,1.67,1.9,1.78,1.92,2.08,1.8,1.9,1.97,1.68,1.96,2.47,2.47,1.69,0.55,2.53,0.66,1.72,2.01,0.9,2.03,1.71,0.25,1.67,1.56,1.0,0.83,1.68,1.89,2.48,0.31,2.17,1.81,0.53,2.04,0.4,2.37,2.37,2.37,2.54,0.31,0.31,0.12,2.47,2.56,4.33,0.57,0.57,0.56,2.59,1.88,1.81,2.05,1.7,0.29,2.68,2.01,2.12,1.86,1.76,2.18,0.52,0.48,1.64,1.95,0.33,2.57,2.19,1.79,1.66,1.66,2.26,1.74,2.02,0.8,1.68,2.07,1.67,0.39,1.55,2.13,1.6,2.37,0.7,2.09
F329,0.42,0.42,0.42,0.48,0.97,0.4,0.37,0.37,0.4,0.35,0.35,1.28,1.33,1.44,1.13,0.62,0.61,0.61,0.15,2.21,2.26,0.2,0.53,0.52,1.2,0.93,1.53,2.26,1.34,2.13,1.82,1.43,0.21,0.62,0.64,0.0,1.92,1.55,1.55,1.46,1.28,1.85,1.77,4.62,0.66,0.39,0.54,0.41,0.57,0.58,0.58,1.74,1.7,1.35,0.1,1.03,1.45,1.56,0.38,1.95,0.86,2.02,0.56,1.32,1.32,1.38,1.44,1.63,1.47,2.12,2.12,1.62,1.63,0.59,4.4,0.91,0.52,0.91,2.0,0.19,2.23,1.44,1.96,1.72,1.67,0.33,1.14,1.14,1.81,1.79,0.55,0.55,1.14,1.14,1.23,1.14,1.14,2.22,1.69,1.35,1.59,1.45,1.61,1.77,1.47,1.59,1.66,1.36,1.64,2.15,2.15,1.36,0.2,2.21,0.06,1.39,1.69,0.49,1.72,1.46,0.48,1.34,1.23,0.61,0.52,1.41,1.56,2.16,0.46,1.85,1.5,0.25,1.73,0.31,2.05,2.05,2.05,2.22,0.41,0.4,0.58,2.15,2.24,4.4,0.13,0.13,0.13,2.28,1.56,1.48,1.73,1.37,0.46,2.36,1.67,1.8,1.54,1.43,1.86,0.91,0.17,1.31,1.64,0.58,2.25,1.87,1.47,1.34,1.34,1.94,1.41,1.7,0.47,1.35,1.68,1.34,0.77,1.21,1.82,1.28,2.05,0.39,1.78
F441,2.02,2.01,2.01,1.57,2.55,2.0,1.97,1.98,2.01,1.97,1.97,0.59,1.14,1.22,2.55,2.3,2.29,2.29,1.85,0.65,0.67,1.81,2.15,2.13,0.72,1.02,0.41,0.97,0.62,0.84,0.58,0.63,1.77,2.22,2.24,1.92,0.0,0.49,0.49,0.67,0.69,0.49,0.4,4.98,2.15,1.88,2.06,1.93,2.1,2.1,2.1,0.39,0.37,0.6,1.8,0.93,0.66,0.49,1.89,0.58,2.35,0.65,2.08,0.68,0.68,0.59,0.5,0.44,0.82,0.3,0.3,1.14,1.14,2.11,4.94,2.31,1.43,2.31,0.29,1.71,0.75,0.93,0.59,0.32,0.29,1.86,0.85,0.85,0.44,0.45,2.06,2.06,0.84,0.84,0.8,0.86,0.86,0.78,0.35,0.73,0.51,0.61,1.22,0.34,0.51,0.43,0.39,1.23,0.47,0.7,0.7,0.61,1.7,0.84,1.79,0.6,0.35,1.54,0.5,1.13,2.0,0.97,0.83,1.46,1.79,1.12,0.41,0.35,1.98,0.47,0.57,1.72,0.34,1.85,0.36,0.36,0.36,0.43,1.93,1.92,2.1,0.71,0.79,4.94,1.77,1.77,1.75,0.82,0.42,0.53,0.36,0.94,1.98,0.91,0.62,0.32,0.44,0.99,0.48,2.26,1.78,0.68,0.38,2.1,0.88,0.49,0.77,0.67,0.67,0.56,0.57,0.3,1.66,0.67,0.35,1.11,2.28,0.85,1.42,0.87,0.27,1.88,0.48
F84,1.63,1.62,1.63,1.17,2.19,1.61,1.58,1.58,1.61,1.56,1.56,0.2,0.9,1.02,2.35,1.89,1.89,1.89,1.43,1.0,1.02,1.4,1.75,1.73,0.36,0.65,0.27,1.04,0.19,0.88,0.55,0.48,1.4,1.87,1.88,1.55,0.49,0.0,0.01,0.19,0.31,0.48,0.39,4.78,1.81,1.55,1.73,1.6,1.77,1.77,1.77,0.4,0.36,0.22,1.47,0.6,0.32,0.15,1.56,0.57,2.06,0.64,1.75,0.22,0.22,0.22,0.24,0.15,0.66,0.7,0.7,0.94,0.94,1.78,4.73,2.1,1.1,2.11,0.52,1.37,0.84,0.7,0.58,0.3,0.36,1.53,0.52,0.52,0.43,0.44,1.74,1.73,0.51,0.5,0.43,0.43,0.43,0.84,0.26,0.25,0.17,0.33,1.02,0.39,0.21,0.29,0.32,1.03,0.31,0.77,0.77,0.25,1.37,0.83,1.46,0.17,0.34,1.21,0.36,0.91,1.67,0.64,0.49,1.13,1.46,0.9,0.27,0.73,1.65,0.46,0.24,1.39,0.4,1.52,0.63,0.63,0.63,0.79,1.6,1.59,1.77,0.77,0.86,4.74,1.44,1.44,1.42,0.89,0.23,0.1,0.36,0.59,1.65,0.98,0.46,0.39,0.28,0.73,0.47,2.1,1.45,0.3,0.25,1.77,0.87,0.48,0.57,0.39,0.39,0.55,0.21,0.37,1.32,0.41,0.2,0.82,1.97,0.36,1.21,0.53,0.61,1.55,0.44
F671,1.63,1.62,1.62,1.17,2.18,1.61,1.57,1.58,1.61,1.56,1.56,0.2,0.93,1.01,2.34,1.89,1.89,1.89,1.43,1.0,1.01,1.39,1.75,1.73,0.36,0.65,0.27,1.03,0.18,0.87,0.54,0.47,1.4,1.86,1.88,1.55,0.49,0.01,0.0,0.19,0.31,0.48,0.39,4.78,1.81,1.55,1.73,1.6,1.77,1.77,1.77,0.4,0.36,0.22,1.47,0.6,0.32,0.15,1.56,0.57,2.06,0.64,1.75,0.23,0.23,0.23,0.24,0.15,0.65,0.7,0.7,0.94,0.94,1.78,4.73,2.1,1.1,2.1,0.52,1.37,0.85,0.7,0.58,0.3,0.36,1.53,0.52,0.52,0.43,0.44,1.74,1.73,0.51,0.5,0.43,0.43,0.43,0.84,0.26,0.25,0.17,0.33,1.02,0.39,0.21,0.29,0.32,1.03,0.32,0.77,0.77,0.25,1.37,0.83,1.46,0.17,0.34,1.21,0.36,0.91,1.68,0.64,0.49,1.13,1.46,0.9,0.27,0.73,1.65,0.46,0.24,1.39,0.4,1.52,0.63,0.63,0.63,0.79,1.6,1.59,1.77,0.78,0.86,4.74,1.44,1.44,1.42,0.9,0.23,0.1,0.36,0.59,1.65,0.99,0.47,0.39,0.28,0.73,0.47,2.09,1.45,0.3,0.25,1.77,0.87,0.48,0.57,0.4,0.4,0.55,0.22,0.37,1.33,0.41,0.2,0.82,1.96,0.36,1.22,0.53,0.62,1.55,0.44
F538,1.57,1.56,1.56,1.13,2.1,1.54,1.51,1.52,1.55,1.51,1.51,0.09,0.88,0.88,2.12,1.83,1.83,1.82,1.39,1.09,1.13,1.35,1.69,1.65,0.19,0.52,0.34,1.14,0.05,1.0,0.68,0.49,1.31,1.76,1.77,1.46,0.67,0.19,0.19,0.0,0.25,0.5,0.41,4.87,1.65,1.39,1.57,1.44,1.61,1.61,1.61,0.41,0.37,0.2,1.31,0.44,0.16,0.24,1.4,0.59,1.9,0.66,1.59,0.05,0.05,0.14,0.29,0.24,0.49,0.79,0.79,1.03,1.04,1.62,4.83,1.93,0.94,1.93,0.65,1.21,0.87,0.54,0.6,0.38,0.35,1.37,0.34,0.34,0.45,0.46,1.57,1.57,0.33,0.33,0.25,0.32,0.32,0.85,0.36,0.08,0.21,0.34,1.12,0.43,0.31,0.3,0.34,1.13,0.33,0.79,0.79,0.26,1.21,0.85,1.3,0.04,0.36,1.05,0.38,0.74,1.51,0.48,0.32,0.96,1.3,0.74,0.36,0.82,1.49,0.48,0.19,1.23,0.39,1.36,0.71,0.71,0.71,0.88,1.44,1.43,1.61,0.8,0.88,4.84,1.28,1.28,1.26,0.9,0.27,0.11,0.38,0.42,1.49,1.0,0.48,0.47,0.39,0.57,0.49,1.88,1.29,0.24,0.33,1.61,0.89,0.5,0.67,0.4,0.4,0.57,0.21,0.37,1.16,0.41,0.32,0.67,1.8,0.21,1.31,0.36,0.71,1.39,0.45
F194,1.37,1.36,1.36,0.9,1.92,1.35,1.31,1.32,1.35,1.29,1.29,0.24,0.69,0.91,2.06,1.62,1.62,1.61,1.16,1.15,1.16,1.12,1.48,1.46,0.29,0.37,0.31,1.18,0.27,1.03,0.69,0.4,1.13,1.59,1.6,1.28,0.69,0.31,0.31,0.25,0.0,0.65,0.56,4.84,1.56,1.3,1.48,1.35,1.52,1.52,1.52,0.57,0.52,0.17,1.22,0.41,0.42,0.4,1.31,0.74,1.81,0.82,1.5,0.22,0.22,0.14,0.25,0.32,0.66,0.9,0.9,1.0,1.01,1.53,4.8,1.86,0.85,1.86,0.77,1.12,1.02,0.63,0.75,0.48,0.49,1.28,0.32,0.32,0.6,0.6,1.48,1.48,0.33,0.33,0.38,0.23,0.23,1.02,0.46,0.27,0.42,0.28,1.09,0.58,0.28,0.44,0.48,1.1,0.47,0.94,0.94,0.17,1.12,1.0,1.21,0.23,0.5,0.95,0.53,0.84,1.42,0.52,0.42,0.87,1.2,0.83,0.33,0.96,1.4,0.64,0.44,1.14,0.54,1.27,0.84,0.84,0.84,1.01,1.35,1.34,1.52,0.95,1.03,4.81,1.19,1.19,1.17,1.07,0.38,0.28,0.52,0.53,1.4,1.16,0.62,0.59,0.36,0.61,0.65,1.86,1.2,0.04,0.43,1.52,1.04,0.7,0.64,0.34,0.34,0.72,0.2,0.51,1.07,0.35,0.42,0.71,1.72,0.21,1.28,0.47,0.84,1.3,0.6
F623,1.95,1.94,1.94,1.5,2.21,1.93,1.9,1.91,1.94,1.9,1.9,0.49,0.86,0.93,2.22,2.24,2.24,2.23,1.78,0.66,0.69,1.74,2.09,2.13,0.65,1.01,0.55,0.7,0.52,0.57,0.27,0.78,1.69,2.15,2.17,1.85,0.49,0.48,0.48,0.5,0.65,0.0,0.11,5.24,2.02,1.75,1.93,1.8,1.97,1.97,1.97,0.16,0.19,0.47,1.68,0.8,0.53,0.37,1.77,0.23,1.99,0.32,1.95,0.59,0.59,0.47,0.49,0.34,0.46,0.53,0.53,1.19,1.19,2.01,4.99,1.95,1.3,1.95,0.47,1.58,0.52,0.57,0.22,0.32,0.23,1.73,0.72,0.72,0.12,0.16,1.93,1.93,0.71,0.71,0.67,0.73,0.73,0.52,0.33,0.59,0.38,0.58,1.27,0.26,0.46,0.33,0.22,1.28,0.31,0.45,0.45,0.5,1.57,0.51,1.66,0.58,0.21,1.41,0.24,0.77,1.87,0.69,0.69,1.33,1.65,0.76,0.51,0.56,1.84,0.13,0.42,1.59,0.22,1.71,0.45,0.45,0.45,0.62,1.83,1.78,1.96,0.45,0.54,5.0,1.67,1.64,1.62,0.57,0.29,0.46,0.19,0.58,1.84,0.66,0.3,0.3,0.69,0.63,0.15,1.9,1.68,0.55,0.31,1.97,0.54,0.16,0.82,0.64,0.64,0.22,0.45,0.24,1.52,0.66,0.43,0.75,2.01,0.72,1.48,0.68,0.45,1.75,0.16
F47,1.86,1.85,1.85,1.4,2.24,1.84,1.81,1.82,1.85,1.81,1.81,0.4,0.87,0.94,2.25,2.15,2.15,2.14,1.69,0.73,0.75,1.65,2.0,1.97,0.54,0.92,0.45,0.76,0.43,0.62,0.29,0.69,1.61,2.07,2.09,1.77,0.4,0.39,0.39,0.41,0.56,0.11,0.0,4.96,1.94,1.68,1.86,1.73,1.9,1.89,1.89,0.12,0.13,0.4,1.6,0.72,0.46,0.3,1.69,0.27,1.99,0.34,1.88,0.52,0.52,0.39,0.41,0.27,0.46,0.53,0.53,1.12,1.12,1.91,4.92,1.95,1.23,1.95,0.47,1.5,0.54,0.57,0.26,0.24,0.14,1.66,0.65,0.65,0.14,0.16,1.86,1.86,0.64,0.63,0.59,0.66,0.66,0.54,0.27,0.51,0.31,0.51,1.2,0.21,0.39,0.21,0.12,1.21,0.21,0.47,0.47,0.42,1.5,0.53,1.59,0.52,0.15,1.34,0.16,0.76,1.8,0.68,0.62,1.26,1.58,0.76,0.44,0.57,1.78,0.16,0.31,1.52,0.17,1.65,0.46,0.46,0.46,0.62,1.73,1.72,1.89,0.47,0.56,4.93,1.57,1.57,1.55,0.59,0.22,0.39,0.09,0.57,1.78,0.68,0.3,0.25,0.46,0.62,0.17,1.9,1.58,0.48,0.24,1.9,0.57,0.18,0.75,0.57,0.57,0.24,0.38,0.17,1.45,0.58,0.36,0.74,2.01,0.65,1.4,0.66,0.45,1.68,0.15
